0
47
69
98
128
152
186
224
262
338
378
410
452
470
499
520
558
576
608
625
649
690
748
794
816
854
868
888
920
985
1024
1039
1068
1096
1147
1175
1214
1226
1261
1306
1347
1386
1420
1477
1496
1515
1545
1569
1696
1770
1795
1845
1864
1896
1921
1968
2014
2062
2093
2129
2204
2250
2294
2315
2336
2352
2391
2411
2443
2460
2536
2559
2581
2604
2623
2661
2705
2730
2762
2795
2820
2845
2862
2888
2911
2958
2983
3013
3044
3171
3199
3228
3279
3299
3320
3337
3360
3390
3435
3488
3625
3662
3731
3763
3800
3818
3849
3871
3892
3912
4035
4052
4120
4202
4228
4250
4284
4312
4352
4383
4468
4527
4578
4630
4666
4702
4742
4809
4845
4884
4914
